mass_A
t	x	y
0.000000000E0	-4.219111726E-2	7.844827700E-1
1.000000000E-2	-4.098614742E-2	7.843268732E-1
2.000000000E-2	-3.961109149E-2	7.840959142E-1
3.000000000E-2	-3.713958219E-2	7.834735010E-1
4.000000000E-2	-3.521123161E-2	7.832713010E-1
5.000000000E-2	-3.307976619E-2	7.828654783E-1
6.000000000E-2	-3.025241006E-2	7.822435759E-1
7.000000000E-2	-2.786222350E-2	7.817637978E-1
8.000000000E-2	-2.493334588E-2	7.812333724E-1
9.000000000E-2	-2.234778461E-2	7.805387747E-1
1.000000000E-1	-1.958996773E-2	7.799858253E-1
1.100000000E-1	-1.611733966E-2	7.795062971E-1
1.200000000E-1	-1.305931660E-2	7.791658929E-1
1.300000000E-1	-9.600494740E-3	7.783168333E-1
1.400000000E-1	-6.369262834E-3	7.779370957E-1
1.500000000E-1	-2.563324318E-3	7.769885412E-1
1.600000000E-1	1.031689857E-3	7.765208017E-1
1.700000000E-1	5.183257893E-3	7.756196171E-1
1.800000000E-1	9.092667724E-3	7.750931083E-1
1.900000000E-1	1.337458056E-2	7.742897554E-1
2.000000000E-1	1.742676349E-2	7.737254129E-1
2.100000000E-1	2.178565827E-2	7.730011794E-1
2.200000000E-1	2.652578174E-2	7.719254085E-1
2.300000000E-1	3.077406968E-2	7.714328343E-1
2.400000000E-1	3.579801353E-2	7.704105514E-1
2.500000000E-1	4.062642395E-2	7.693414880E-1
2.600000000E-1	4.530778351E-2	7.688945701E-1
2.700000000E-1	5.042943467E-2	7.678506256E-1
2.800000000E-1	5.562335910E-2	7.668125494E-1
2.900000000E-1	6.073209541E-2	7.660734089E-1
3.000000000E-1	6.625619862E-2	7.652362915E-1
3.100000000E-1	7.171577405E-2	7.640762081E-1
3.200000000E-1	7.744585196E-2	7.630478697E-1
3.300000000E-1	8.336295316E-2	7.617747488E-1
3.400000000E-1	8.917056561E-2	7.610708927E-1
3.500000000E-1	9.539897807E-2	7.600694984E-1
3.600000000E-1	1.017606344E-1	7.588965869E-1
3.700000000E-1	1.079001503E-1	7.577102851E-1
3.800000000E-1	1.141884307E-1	7.564378716E-1
3.900000000E-1	1.206524149E-1	7.551041126E-1
4.000000000E-1	1.272409160E-1	7.537804581E-1
4.100000000E-1	1.335076086E-1	7.530290407E-1
4.200000000E-1	1.402971562E-1	7.524443690E-1
4.300000000E-1	1.480559084E-1	7.513618696E-1
4.400000000E-1	1.561575364E-1	7.489851814E-1
4.500000000E-1	1.630138843E-1	7.469854107E-1
4.600000000E-1	1.707550009E-1	7.453402258E-1
4.700000000E-1	1.780140739E-1	7.435736727E-1
4.800000000E-1	1.854489126E-1	7.420539265E-1
4.900000000E-1	1.931980111E-1	7.403435059E-1
5.000000000E-1	2.013397048E-1	7.383975845E-1
5.100000000E-1	2.093119911E-1	7.368144753E-1
5.200000000E-1	2.177916216E-1	7.346564016E-1
5.300000000E-1	2.262379700E-1	7.328755410E-1
5.400000000E-1	2.350559809E-1	7.306904909E-1
5.500000000E-1	2.438092484E-1	7.284777716E-1
5.600000000E-1	2.524430439E-1	7.263921120E-1
5.700000000E-1	2.615693356E-1	7.241535087E-1
5.800000000E-1	2.706123077E-1	7.216835193E-1
5.900000000E-1	2.799367224E-1	7.191221296E-1
6.000000000E-1	2.897790276E-1	7.164107299E-1
6.100000000E-1	2.994634860E-1	7.138002476E-1
6.200000000E-1	3.094880682E-1	7.110352256E-1
6.300000000E-1	3.193045143E-1	7.083902289E-1
6.400000000E-1	3.298410420E-1	7.051134403E-1
6.500000000E-1	3.397527332E-1	7.021508914E-1
6.600000000E-1	3.498435728E-1	7.002034416E-1
6.700000000E-1	3.621751473E-1	6.955072561E-1
6.800000000E-1	3.721623155E-1	6.917962690E-1
6.900000000E-1	3.837322094E-1	6.881131496E-1
7.000000000E-1	3.947216115E-1	6.849558604E-1
7.100000000E-1	4.065016993E-1	6.813091127E-1
7.200000000E-1	4.183890849E-1	6.775450478E-1
7.300000000E-1	4.305367821E-1	6.737910098E-1
7.400000000E-1	4.427008024E-1	6.698595785E-1
7.500000000E-1	4.551373297E-1	6.658063506E-1
7.600000000E-1	4.676250323E-1	6.618980530E-1
7.700000000E-1	4.800311458E-1	6.579317076E-1
7.800000000E-1	4.927831843E-1	6.537996690E-1
7.900000000E-1	5.062292573E-1	6.489643131E-1
8.000000000E-1	5.192345079E-1	6.445161045E-1
8.100000000E-1	5.325693642E-1	6.396235394E-1
8.200000000E-1	5.460047804E-1	6.344405180E-1
8.300000000E-1	5.608773806E-1	6.301760763E-1
8.400000000E-1	5.738072356E-1	6.225703162E-1
8.500000000E-1	5.881974169E-1	6.161501067E-1
8.600000000E-1	6.020277467E-1	6.097547384E-1
8.700000000E-1	6.162526538E-1	6.031049420E-1
8.800000000E-1	6.315112739E-1	5.955239669E-1
8.900000000E-1	6.464016885E-1	5.886484519E-1
9.000000000E-1	6.614520053E-1	5.811242227E-1
9.100000000E-1	6.769245309E-1	5.732297351E-1
9.200000000E-1	6.927186163E-1	5.651436536E-1
9.300000000E-1	7.088607940E-1	5.565001005E-1
9.400000000E-1	7.247100174E-1	5.481420579E-1
9.500000000E-1	7.409308658E-1	5.390522927E-1
9.600000000E-1	7.575283543E-1	5.300145481E-1
9.700000000E-1	7.746939611E-1	5.182870001E-1
9.800000000E-1	7.902607679E-1	5.086861711E-1
9.900000000E-1	8.072438267E-1	4.974371617E-1
1.000000000E0	8.242240228E-1	4.853732572E-1
1.010000000E0	8.414831313E-1	4.735803570E-1
1.020000000E0	8.588001272E-1	4.616578740E-1
1.030000000E0	8.764391683E-1	4.486807046E-1
1.040000000E0	8.946302222E-1	4.346030123E-1
1.050000000E0	9.125983482E-1	4.223203993E-1
1.060000000E0	9.316654204E-1	4.090395778E-1
1.070000000E0	9.506579962E-1	3.947997431E-1
1.080000000E0	9.721486759E-1	3.810055520E-1
1.090000000E0	9.889948878E-1	3.670314832E-1
1.100000000E0	1.008953514E0	3.516708230E-1
1.110000000E0	1.028603020E0	3.358476494E-1
1.120000000E0	1.048712337E0	3.189823229E-1
1.130000000E0	1.068277921E0	3.012137500E-1
1.140000000E0	1.088061003E0	2.829890088E-1
1.150000000E0	1.108533611E0	2.637541370E-1
1.160000000E0	1.127889342E0	2.446868028E-1
1.170000000E0	1.148175375E0	2.266993386E-1
1.180000000E0	1.171589948E0	2.063456666E-1
1.190000000E0	1.188537047E0	1.872833945E-1
1.200000000E0	1.209342138E0	1.670950738E-1
1.210000000E0	1.230546042E0	1.463393519E-1
1.220000000E0	1.251771934E0	1.253493486E-1
1.230000000E0	1.272895023E0	1.028999482E-1
1.240000000E0	1.293430273E0	8.074227348E-2
1.250000000E0	1.314975723E0	5.630749174E-2
1.260000000E0	1.333421449E0	3.369325798E-2
