mass_A
t	x	y
0.000000000E0	-4.917122241E-2	7.780204506E-1
1.000000000E-2	-4.813498664E-2	7.778372319E-1
2.000000000E-2	-4.706098529E-2	7.775103915E-1
3.000000000E-2	-4.466155626E-2	7.771479975E-1
4.000000000E-2	-4.321706972E-2	7.765245069E-1
5.000000000E-2	-4.131489033E-2	7.763494391E-1
6.000000000E-2	-3.849569445E-2	7.758593834E-1
7.000000000E-2	-3.619001429E-2	7.753714076E-1
8.000000000E-2	-3.313391792E-2	7.747846808E-1
9.000000000E-2	-3.055538851E-2	7.741924955E-1
1.000000000E-1	-2.783912331E-2	7.736333672E-1
1.100000000E-1	-2.442314850E-2	7.731055970E-1
1.200000000E-1	-2.119843580E-2	7.727842181E-1
1.300000000E-1	-1.765311357E-2	7.719133133E-1
1.400000000E-1	-1.451361869E-2	7.715834956E-1
1.500000000E-1	-1.079183118E-2	7.706802669E-1
1.600000000E-1	-7.094374747E-3	7.702764366E-1
1.700000000E-1	-3.040981651E-3	7.693533270E-1
1.800000000E-1	8.121353135E-4	7.689484107E-1
1.900000000E-1	4.945140530E-3	7.680596670E-1
2.000000000E-1	8.890903992E-3	7.675944782E-1
2.100000000E-1	1.307332331E-2	7.668089717E-1
2.200000000E-1	1.766758294E-2	7.658068078E-1
2.300000000E-1	2.206129228E-2	7.653640942E-1
2.400000000E-1	2.667869991E-2	7.643291063E-1
2.500000000E-1	3.133518829E-2	7.634546935E-1
2.600000000E-1	3.610944242E-2	7.627043665E-1
2.700000000E-1	4.106615315E-2	7.618359365E-1
2.800000000E-1	4.607217531E-2	7.608035200E-1
2.900000000E-1	5.117413358E-2	7.602582759E-1
3.000000000E-1	5.648373926E-2	7.592574531E-1
3.100000000E-1	6.204845258E-2	7.581905796E-1
3.200000000E-1	6.783015039E-2	7.570506716E-1
3.300000000E-1	7.353951492E-2	7.560610067E-1
3.400000000E-1	7.904388591E-2	7.551552686E-1
3.500000000E-1	8.516015358E-2	7.542118304E-1
3.600000000E-1	9.106118950E-2	7.531354755E-1
3.700000000E-1	9.722109857E-2	7.519510898E-1
3.800000000E-1	1.034291360E-1	7.508569550E-1
3.900000000E-1	1.099558946E-1	7.495068097E-1
4.000000000E-1	1.168254987E-1	7.481263874E-1
4.100000000E-1	1.235159852E-1	7.468995497E-1
4.200000000E-1	1.296715111E-1	7.465089705E-1
4.300000000E-1	1.369997719E-1	7.460110253E-1
4.400000000E-1	1.450303435E-1	7.440532300E-1
4.500000000E-1	1.524116225E-1	7.417923526E-1
4.600000000E-1	1.591262982E-1	7.402691020E-1
4.700000000E-1	1.664812510E-1	7.388705842E-1
4.800000000E-1	1.740548102E-1	7.371406999E-1
4.900000000E-1	1.816973797E-1	7.354282500E-1
5.000000000E-1	1.895895896E-1	7.339156208E-1
5.100000000E-1	1.977341781E-1	7.318544442E-1
5.200000000E-1	2.057128908E-1	7.302274585E-1
5.300000000E-1	2.144145230E-1	7.279745046E-1
5.400000000E-1	2.226403992E-1	7.263376018E-1
5.500000000E-1	2.314126141E-1	7.240665201E-1
5.600000000E-1	2.400942057E-1	7.218046024E-1
5.700000000E-1	2.488818139E-1	7.198605752E-1
5.800000000E-1	2.581766695E-1	7.176059673E-1
5.900000000E-1	2.675380654E-1	7.151429429E-1
6.000000000E-1	2.768771883E-1	7.126129774E-1
6.100000000E-1	2.863252802E-1	7.100860115E-1
6.200000000E-1	2.961299883E-1	7.074098137E-1
6.300000000E-1	3.059678530E-1	7.048630346E-1
6.400000000E-1	3.160511091E-1	7.020442157E-1
6.500000000E-1	3.267379889E-1	6.987567782E-1
6.600000000E-1	3.364103868E-1	6.965684802E-1
6.700000000E-1	3.484612487E-1	6.938793209E-1
6.800000000E-1	3.589563032E-1	6.889699669E-1
6.900000000E-1	3.692130184E-1	6.855791156E-1
7.000000000E-1	3.807880098E-1	6.820094654E-1
7.100000000E-1	3.924057126E-1	6.786517499E-1
7.200000000E-1	4.036836326E-1	6.753521686E-1
7.300000000E-1	4.155733164E-1	6.717300561E-1
7.400000000E-1	4.276049858E-1	6.680132002E-1
7.500000000E-1	4.395683396E-1	6.642473064E-1
7.600000000E-1	4.517391332E-1	6.604275036E-1
7.700000000E-1	4.642860027E-1	6.563949766E-1
7.800000000E-1	4.769683854E-1	6.523398196E-1
7.900000000E-1	4.898295001E-1	6.483795652E-1
8.000000000E-1	5.031025981E-1	6.437097995E-1
8.100000000E-1	5.165544969E-1	6.389571639E-1
8.200000000E-1	5.301255203E-1	6.335002794E-1
8.300000000E-1	5.427187574E-1	6.289439616E-1
8.400000000E-1	5.589460613E-1	6.228514536E-1
8.500000000E-1	5.711829921E-1	6.165632734E-1
8.600000000E-1	5.855752777E-1	6.100952695E-1
8.700000000E-1	5.998180157E-1	6.037733277E-1
8.800000000E-1	6.141492472E-1	5.971275320E-1
8.900000000E-1	6.293713677E-1	5.897023161E-1
9.000000000E-1	6.440469936E-1	5.827237989E-1
9.100000000E-1	6.592959339E-1	5.753018473E-1
9.200000000E-1	6.747639130E-1	5.673036417E-1
9.300000000E-1	6.904948322E-1	5.595188507E-1
9.400000000E-1	7.064486810E-1	5.507328819E-1
9.500000000E-1	7.227141176E-1	5.420270734E-1
9.600000000E-1	7.386181453E-1	5.328972391E-1
9.700000000E-1	7.561544371E-1	5.258912198E-1
9.800000000E-1	7.711017934E-1	5.127064216E-1
9.900000000E-1	7.885270992E-1	5.018837404E-1
1.000000000E0	8.049153155E-1	4.909835017E-1
1.010000000E0	8.217752300E-1	4.792484907E-1
1.020000000E0	8.388533100E-1	4.670677797E-1
1.030000000E0	8.564094252E-1	4.546166618E-1
1.040000000E0	8.745668488E-1	4.417657721E-1
1.050000000E0	8.923010350E-1	4.288497030E-1
1.060000000E0	9.105772886E-1	4.154443944E-1
1.070000000E0	9.292122872E-1	4.023522910E-1
1.080000000E0	9.477838840E-1	3.893137123E-1
1.090000000E0	9.678844695E-1	3.741149673E-1
1.100000000E0	9.864887693E-1	3.597747042E-1
1.110000000E0	1.006203090E0	3.442274100E-1
1.120000000E0	1.025585232E0	3.281368506E-1
1.130000000E0	1.045775927E0	3.117239969E-1
1.140000000E0	1.065700955E0	2.946854953E-1
1.150000000E0	1.085633974E0	2.765270965E-1
1.160000000E0	1.105287106E0	2.580857002E-1
1.170000000E0	1.124711064E0	2.399252898E-1
1.180000000E0	1.145020817E0	2.211618229E-1
1.190000000E0	1.166189927E0	2.013496399E-1
1.200000000E0	1.185419463E0	1.819634005E-1
1.210000000E0	1.206828857E0	1.619789682E-1
1.220000000E0	1.226807203E0	1.417823280E-1
1.230000000E0	1.248095433E0	1.200022563E-1
1.240000000E0	1.269279112E0	9.783222399E-2
1.250000000E0	1.289348042E0	7.534657194E-2
1.260000000E0	1.309768139E0	5.227855713E-2
1.270000000E0	1.328096501E0	2.992832297E-2
