mass_A
t	x	y
0.000000000E0	-5.151596805E-2	7.758923346E-1
1.000000000E-2	-5.047458560E-2	7.756904020E-1
2.000000000E-2	-4.928988705E-2	7.753408095E-1
3.000000000E-2	-4.678011291E-2	7.747645645E-1
4.000000000E-2	-4.507470160E-2	7.745713539E-1
5.000000000E-2	-4.326278705E-2	7.744452794E-1
6.000000000E-2	-4.053626934E-2	7.738379962E-1
7.000000000E-2	-3.841817155E-2	7.733332531E-1
8.000000000E-2	-3.546042323E-2	7.727196848E-1
9.000000000E-2	-3.298947689E-2	7.722031127E-1
1.000000000E-1	-3.014717466E-2	7.715741705E-1
1.100000000E-1	-2.739514767E-2	7.710469238E-1
1.200000000E-1	-2.405596500E-2	7.704666012E-1
1.300000000E-1	-2.106989440E-2	7.698708955E-1
1.400000000E-1	-1.744638947E-2	7.692179952E-1
1.500000000E-1	-1.426340490E-2	7.686724564E-1
1.600000000E-1	-1.056214654E-2	7.678872306E-1
1.700000000E-1	-6.868365570E-3	7.673901393E-1
1.800000000E-1	-2.843286353E-3	7.664102854E-1
1.900000000E-1	1.034239539E-3	7.660345796E-1
2.000000000E-1	5.165924335E-3	7.651581987E-1
2.100000000E-1	9.231694941E-3	7.646729502E-1
2.200000000E-1	1.388061126E-2	7.639196869E-1
2.300000000E-1	1.831795007E-2	7.629995823E-1
2.400000000E-1	2.257975846E-2	7.625242555E-1
2.500000000E-1	2.746303831E-2	7.615591375E-1
2.600000000E-1	3.244013252E-2	7.606744775E-1
2.700000000E-1	3.703533576E-2	7.601843305E-1
2.800000000E-1	4.204772995E-2	7.592316251E-1
2.900000000E-1	4.731363119E-2	7.582387295E-1
3.000000000E-1	5.243614813E-2	7.576190291E-1
3.100000000E-1	5.781293408E-2	7.567979573E-1
3.200000000E-1	6.332683789E-2	7.557092554E-1
3.300000000E-1	6.933498597E-2	7.545580731E-1
3.400000000E-1	7.505539488E-2	7.535514834E-1
3.500000000E-1	8.116831712E-2	7.526392070E-1
3.600000000E-1	8.696861235E-2	7.518907452E-1
3.700000000E-1	9.326472724E-2	7.508970846E-1
3.800000000E-1	9.958761093E-2	7.497485447E-1
3.900000000E-1	1.060481587E-1	7.486088806E-1
4.000000000E-1	1.126137122E-1	7.473881321E-1
4.100000000E-1	1.192764026E-1	7.461445920E-1
4.200000000E-1	1.250924263E-1	7.456524341E-1
4.300000000E-1	1.321031961E-1	7.454660914E-1
4.400000000E-1	1.398349378E-1	7.440600013E-1
4.500000000E-1	1.474844189E-1	7.416086847E-1
4.600000000E-1	1.541100479E-1	7.399550913E-1
4.700000000E-1	1.615048235E-1	7.385251089E-1
4.800000000E-1	1.692547633E-1	7.369395987E-1
4.900000000E-1	1.767551401E-1	7.354294269E-1
5.000000000E-1	1.843005288E-1	7.340278941E-1
5.100000000E-1	1.924119851E-1	7.320935352E-1
5.200000000E-1	2.001436301E-1	7.304796712E-1
5.300000000E-1	2.085643395E-1	7.283741026E-1
5.400000000E-1	2.168689313E-1	7.267915227E-1
5.500000000E-1	2.252178359E-1	7.246282362E-1
5.600000000E-1	2.334915333E-1	7.229549166E-1
5.700000000E-1	2.421610069E-1	7.207373063E-1
5.800000000E-1	2.512893689E-1	7.184051394E-1
5.900000000E-1	2.604791332E-1	7.160594828E-1
6.000000000E-1	2.697815871E-1	7.137859099E-1
6.100000000E-1	2.791139773E-1	7.111615881E-1
6.200000000E-1	2.885677662E-1	7.086573046E-1
6.300000000E-1	2.980822139E-1	7.060397836E-1
6.400000000E-1	3.079798868E-1	7.034627437E-1
6.500000000E-1	3.176424940E-1	7.008969090E-1
6.600000000E-1	3.280816031E-1	6.977733267E-1
6.700000000E-1	3.377836452E-1	6.961663882E-1
6.800000000E-1	3.505250349E-1	6.916581466E-1
6.900000000E-1	3.598643952E-1	6.883726268E-1
7.000000000E-1	3.711132515E-1	6.849089663E-1
7.100000000E-1	3.823430374E-1	6.815240043E-1
7.200000000E-1	3.938890731E-1	6.781754347E-1
7.300000000E-1	4.053093288E-1	6.747393411E-1
7.400000000E-1	4.174939011E-1	6.713216531E-1
7.500000000E-1	4.295440582E-1	6.677103100E-1
7.600000000E-1	4.416641131E-1	6.640345572E-1
7.700000000E-1	4.543450351E-1	6.602683761E-1
7.800000000E-1	4.666090219E-1	6.565131162E-1
7.900000000E-1	4.794916803E-1	6.524958336E-1
8.000000000E-1	4.928292991E-1	6.479182748E-1
8.100000000E-1	5.057212696E-1	6.436673738E-1
8.200000000E-1	5.191745774E-1	6.390175981E-1
8.300000000E-1	5.325435609E-1	6.340294150E-1
8.400000000E-1	5.459050088E-1	6.303055955E-1
8.500000000E-1	5.604611747E-1	6.226335141E-1
8.600000000E-1	5.745200142E-1	6.164648168E-1
8.700000000E-1	5.883860965E-1	6.102392774E-1
8.800000000E-1	6.027162609E-1	6.037994529E-1
8.900000000E-1	6.172756587E-1	5.970744122E-1
9.000000000E-1	6.325854845E-1	5.899605367E-1
9.100000000E-1	6.477064517E-1	5.826468688E-1
9.200000000E-1	6.631308795E-1	5.750127666E-1
9.300000000E-1	6.788976824E-1	5.670822843E-1
9.400000000E-1	6.946740349E-1	5.590654339E-1
9.500000000E-1	7.110162754E-1	5.507990480E-1
9.600000000E-1	7.272595706E-1	5.419305092E-1
9.700000000E-1	7.435270186E-1	5.327516935E-1
9.800000000E-1	7.618111521E-1	5.218990954E-1
9.900000000E-1	7.764843629E-1	5.123979391E-1
1.000000000E0	7.935376928E-1	5.014636063E-1
1.010000000E0	8.105144394E-1	4.896281368E-1
1.020000000E0	8.278771286E-1	4.782246889E-1
1.030000000E0	8.451218409E-1	4.663050037E-1
1.040000000E0	8.625761300E-1	4.535306215E-1
1.050000000E0	8.807494515E-1	4.407313566E-1
1.060000000E0	8.993283351E-1	4.280045124E-1
1.070000000E0	9.178601421E-1	4.146681899E-1
1.080000000E0	9.372539168E-1	4.014268039E-1
1.090000000E0	9.582633390E-1	3.901149367E-1
1.100000000E0	9.757128487E-1	3.731812609E-1
1.110000000E0	9.944539536E-1	3.585841819E-1
1.120000000E0	1.014180301E0	3.434184240E-1
1.130000000E0	1.034195697E0	3.270635946E-1
1.140000000E0	1.053957206E0	3.100765875E-1
1.150000000E0	1.073344562E0	2.932649682E-1
1.160000000E0	1.093175481E0	2.754687707E-1
1.170000000E0	1.112783458E0	2.573217733E-1
1.180000000E0	1.132337170E0	2.389499633E-1
1.190000000E0	1.156384878E0	2.229892583E-1
1.200000000E0	1.173880193E0	2.006275283E-1
1.210000000E0	1.194322974E0	1.812330868E-1
1.220000000E0	1.215479005E0	1.607899901E-1
1.230000000E0	1.236842872E0	1.401465103E-1
1.240000000E0	1.258123918E0	1.181676233E-1
1.250000000E0	1.278830913E0	9.649477002E-2
1.260000000E0	1.299708649E0	7.273965234E-2
1.270000000E0	1.319621836E0	4.936126221E-2
