mass_A
t	x	y
0.000000000E0	-4.917153677E-2	7.775723430E-1
1.000000000E-2	-4.869294306E-2	7.775290269E-1
2.000000000E-2	-4.798906986E-2	7.771467183E-1
3.000000000E-2	-4.618556096E-2	7.767478823E-1
4.000000000E-2	-4.502787479E-2	7.763231215E-1
5.000000000E-2	-4.370704992E-2	7.761085137E-1
6.000000000E-2	-4.099159160E-2	7.754453361E-1
7.000000000E-2	-3.915682969E-2	7.748647841E-1
8.000000000E-2	-3.703476606E-2	7.747518403E-1
9.000000000E-2	-3.420207015E-2	7.742341561E-1
1.000000000E-1	-3.200484633E-2	7.736651550E-1
1.100000000E-1	-2.920000347E-2	7.731534680E-1
1.200000000E-1	-2.671173495E-2	7.724940571E-1
1.300000000E-1	-2.410911660E-2	7.719523853E-1
1.400000000E-1	-2.082789067E-2	7.714842032E-1
1.500000000E-1	-1.775706541E-2	7.711277273E-1
1.600000000E-1	-1.454110388E-2	7.704217843E-1
1.700000000E-1	-1.114737390E-2	7.699734151E-1
1.800000000E-1	-7.640483485E-3	7.693218897E-1
1.900000000E-1	-4.289710467E-3	7.687607644E-1
2.000000000E-1	-3.876421847E-4	7.678243346E-1
2.100000000E-1	3.449237693E-3	7.673623625E-1
2.200000000E-1	7.548280064E-3	7.664024323E-1
2.300000000E-1	1.152901578E-2	7.660203809E-1
2.400000000E-1	1.574836425E-2	7.651463415E-1
2.500000000E-1	2.046802072E-2	7.641520303E-1
2.600000000E-1	2.480539784E-2	7.637368427E-1
2.700000000E-1	2.979022769E-2	7.626344168E-1
2.800000000E-1	3.419708179E-2	7.620837147E-1
2.900000000E-1	3.923445402E-2	7.613313500E-1
3.000000000E-1	4.437503968E-2	7.602543593E-1
3.100000000E-1	4.909307750E-2	7.597703622E-1
3.200000000E-1	5.403105027E-2	7.588535332E-1
3.300000000E-1	5.937645204E-2	7.577502355E-1
3.400000000E-1	6.494434556E-2	7.568268575E-1
3.500000000E-1	7.017672623E-2	7.561423244E-1
3.600000000E-1	7.601497148E-2	7.550117034E-1
3.700000000E-1	8.187794884E-2	7.539884881E-1
3.800000000E-1	8.801777515E-2	7.527738084E-1
3.900000000E-1	9.431233076E-2	7.516961548E-1
4.000000000E-1	1.004193035E-1	7.506928926E-1
4.100000000E-1	1.065179000E-1	7.497527149E-1
4.200000000E-1	1.130118655E-1	7.486449917E-1
4.300000000E-1	1.196105122E-1	7.475517466E-1
4.400000000E-1	1.261757364E-1	7.464018790E-1
4.500000000E-1	1.320653915E-1	7.460206697E-1
4.600000000E-1	1.391810550E-1	7.456045676E-1
4.700000000E-1	1.475710289E-1	7.436016895E-1
4.800000000E-1	1.547957054E-1	7.414142300E-1
4.900000000E-1	1.616424682E-1	7.397474836E-1
5.000000000E-1	1.695465711E-1	7.380394665E-1
5.100000000E-1	1.767822187E-1	7.364641109E-1
5.200000000E-1	1.843931115E-1	7.350130958E-1
5.300000000E-1	1.924005015E-1	7.331894039E-1
5.400000000E-1	2.002499246E-1	7.313993256E-1
5.500000000E-1	2.081966262E-1	7.296114866E-1
5.600000000E-1	2.165986617E-1	7.277067702E-1
5.700000000E-1	2.253568647E-1	7.257054118E-1
5.800000000E-1	2.335670840E-1	7.236783068E-1
5.900000000E-1	2.425538781E-1	7.214015154E-1
6.000000000E-1	2.516101425E-1	7.190615364E-1
6.100000000E-1	2.601992338E-1	7.172953067E-1
6.200000000E-1	2.692874454E-1	7.149420962E-1
6.300000000E-1	2.787272676E-1	7.124711427E-1
6.400000000E-1	2.884607478E-1	7.098720782E-1
6.500000000E-1	2.981335119E-1	7.073155636E-1
6.600000000E-1	3.081539425E-1	7.044911260E-1
6.700000000E-1	3.179889443E-1	7.018557873E-1
6.800000000E-1	3.284878223E-1	6.987474010E-1
6.900000000E-1	3.379853940E-1	6.963821369E-1
7.000000000E-1	3.501060215E-1	6.939188275E-1
7.100000000E-1	3.602513264E-1	6.890522908E-1
7.200000000E-1	3.709603857E-1	6.857260540E-1
7.300000000E-1	3.825400327E-1	6.821414209E-1
7.400000000E-1	3.934066129E-1	6.790612738E-1
7.500000000E-1	4.050809148E-1	6.755728023E-1
7.600000000E-1	4.169825337E-1	6.718570232E-1
7.700000000E-1	4.289708205E-1	6.680695539E-1
7.800000000E-1	4.414491122E-1	6.642734224E-1
7.900000000E-1	4.539469529E-1	6.604583278E-1
8.000000000E-1	4.662645396E-1	6.566742656E-1
8.100000000E-1	4.789599768E-1	6.526437107E-1
8.200000000E-1	4.916076742E-1	6.486557598E-1
8.300000000E-1	5.050404499E-1	6.437327853E-1
8.400000000E-1	5.186331624E-1	6.388264808E-1
8.500000000E-1	5.319065616E-1	6.336714114E-1
8.600000000E-1	5.449620760E-1	6.289275910E-1
8.700000000E-1	5.609174743E-1	6.231680359E-1
8.800000000E-1	5.729521542E-1	6.167270045E-1
8.900000000E-1	5.873815342E-1	6.102842573E-1
9.000000000E-1	6.012532449E-1	6.039245415E-1
9.100000000E-1	6.155370640E-1	5.973695726E-1
9.200000000E-1	6.306933335E-1	5.898396873E-1
9.300000000E-1	6.455904313E-1	5.829577155E-1
9.400000000E-1	6.606792964E-1	5.756227852E-1
9.500000000E-1	6.761670277E-1	5.678016099E-1
9.600000000E-1	6.917981029E-1	5.596383410E-1
9.700000000E-1	7.080143541E-1	5.510851782E-1
9.800000000E-1	7.240924619E-1	5.425653581E-1
9.900000000E-1	7.399363853E-1	5.333541651E-1
1.000000000E0	7.568362765E-1	5.262436743E-1
1.010000000E0	7.722757307E-1	5.135661963E-1
1.020000000E0	7.889559392E-1	5.030902725E-1
1.030000000E0	8.059783122E-1	4.918548821E-1
1.040000000E0	8.227757623E-1	4.796073125E-1
1.050000000E0	8.401963222E-1	4.679719739E-1
1.060000000E0	8.578348834E-1	4.563488170E-1
1.070000000E0	8.759867616E-1	4.433802367E-1
1.080000000E0	8.939614812E-1	4.295346672E-1
1.090000000E0	9.119621484E-1	4.161215102E-1
1.100000000E0	9.308226846E-1	4.030686363E-1
1.110000000E0	9.494123774E-1	3.898010721E-1
1.120000000E0	9.696674503E-1	3.757790338E-1
1.130000000E0	9.881790244E-1	3.617083793E-1
1.140000000E0	1.007788671E0	3.460104867E-1
1.150000000E0	1.026822077E0	3.303007680E-1
1.160000000E0	1.046563302E0	3.133379737E-1
1.170000000E0	1.066491672E0	2.954664844E-1
1.180000000E0	1.086375151E0	2.785882803E-1
1.190000000E0	1.106404038E0	2.604637131E-1
1.200000000E0	1.125862004E0	2.415769398E-1
1.210000000E0	1.145806549E0	2.232439985E-1
1.220000000E0	1.167625126E0	2.026789848E-1
1.230000000E0	1.186760820E0	1.845591160E-1
1.240000000E0	1.208518631E0	1.637303121E-1
1.250000000E0	1.229328657E0	1.434241582E-1
1.260000000E0	1.249907189E0	1.217751857E-1
1.270000000E0	1.271514151E0	9.898400352E-2
1.280000000E0	1.292291806E0	7.613542777E-2
1.290000000E0	1.312918134E0	5.305616495E-2
1.300000000E0	1.330356172E0	3.218507428E-2
