mass_A
t	x	y
0.000000000E0	-5.074850502E-2	7.780246337E-1
1.000000000E-2	-5.013211320E-2	7.780167403E-1
2.000000000E-2	-4.950388612E-2	7.778274867E-1
3.000000000E-2	-4.858009434E-2	7.775962006E-1
4.000000000E-2	-4.684898652E-2	7.773973137E-1
5.000000000E-2	-4.551036583E-2	7.768715947E-1
6.000000000E-2	-4.410728055E-2	7.765789216E-1
7.000000000E-2	-4.251785351E-2	7.764565294E-1
8.000000000E-2	-4.024988964E-2	7.759909666E-1
9.000000000E-2	-3.825031365E-2	7.755881640E-1
1.000000000E-1	-3.628010297E-2	7.752201126E-1
1.100000000E-1	-3.372485683E-2	7.746604271E-1
1.200000000E-1	-3.126600997E-2	7.742102836E-1
1.300000000E-1	-2.876391777E-2	7.736895130E-1
1.400000000E-1	-2.587174604E-2	7.731838803E-1
1.500000000E-1	-2.316875382E-2	7.728586931E-1
1.600000000E-1	-2.007813543E-2	7.722135989E-1
1.700000000E-1	-1.721789092E-2	7.717453205E-1
1.800000000E-1	-1.395728816E-2	7.709520081E-1
1.900000000E-1	-1.093759993E-2	7.704958175E-1
2.000000000E-1	-7.245818652E-3	7.695879549E-1
2.100000000E-1	-3.640842778E-3	7.692009251E-1
2.200000000E-1	2.042749695E-4	7.682630048E-1
2.300000000E-1	4.150530165E-3	7.678451086E-1
2.400000000E-1	8.401114879E-3	7.668960004E-1
2.500000000E-1	1.238893110E-2	7.663986174E-1
2.600000000E-1	1.655199372E-2	7.655933912E-1
2.700000000E-1	2.126948400E-2	7.645932206E-1
2.800000000E-1	2.568237203E-2	7.641263350E-1
2.900000000E-1	3.041058723E-2	7.631426495E-1
3.000000000E-1	3.514720458E-2	7.624731311E-1
3.100000000E-1	3.997290684E-2	7.616593961E-1
3.200000000E-1	4.500909149E-2	7.606565763E-1
3.300000000E-1	5.005895829E-2	7.599026770E-1
3.400000000E-1	5.481006379E-2	7.591560933E-1
3.500000000E-1	6.007565809E-2	7.581428694E-1
3.600000000E-1	6.560794660E-2	7.571596082E-1
3.700000000E-1	7.089833749E-2	7.565085488E-1
3.800000000E-1	7.684901437E-2	7.555556359E-1
3.900000000E-1	8.257707380E-2	7.544724926E-1
4.000000000E-1	8.880588883E-2	7.533568480E-1
4.100000000E-1	9.493212316E-2	7.521489889E-1
4.200000000E-1	1.011004458E-1	7.513004545E-1
4.300000000E-1	1.074050713E-1	7.498375753E-1
4.400000000E-1	1.138396296E-1	7.485430689E-1
4.500000000E-1	1.203695537E-1	7.471041093E-1
4.600000000E-1	1.267345395E-1	7.460813325E-1
4.700000000E-1	1.329892993E-1	7.458362982E-1
4.800000000E-1	1.401843836E-1	7.450238294E-1
4.900000000E-1	1.481530981E-1	7.429910215E-1
5.000000000E-1	1.555838114E-1	7.408070893E-1
5.100000000E-1	1.626322274E-1	7.393298725E-1
5.200000000E-1	1.699782328E-1	7.379568982E-1
5.300000000E-1	1.772900836E-1	7.364070270E-1
5.400000000E-1	1.852086975E-1	7.346705417E-1
5.500000000E-1	1.930096547E-1	7.331386176E-1
5.600000000E-1	2.010623929E-1	7.311871213E-1
5.700000000E-1	2.089903475E-1	7.293820677E-1
5.800000000E-1	2.177125049E-1	7.271173792E-1
5.900000000E-1	2.260664876E-1	7.254978492E-1
6.000000000E-1	2.350066049E-1	7.231290625E-1
6.100000000E-1	2.438148481E-1	7.210590852E-1
6.200000000E-1	2.523170351E-1	7.189566085E-1
6.300000000E-1	2.615463802E-1	7.167614264E-1
6.400000000E-1	2.708450428E-1	7.142907498E-1
6.500000000E-1	2.801946623E-1	7.117850175E-1
6.600000000E-1	2.897450714E-1	7.092733896E-1
6.700000000E-1	2.997237704E-1	7.065613379E-1
6.800000000E-1	3.094136086E-1	7.040423330E-1
6.900000000E-1	3.194960291E-1	7.010648418E-1
7.000000000E-1	3.300515325E-1	6.979193760E-1
7.100000000E-1	3.395824739E-1	6.959083302E-1
7.200000000E-1	3.518155878E-1	6.927168679E-1
7.300000000E-1	3.620685370E-1	6.881326708E-1
7.400000000E-1	3.726046091E-1	6.848103081E-1
7.500000000E-1	3.842014334E-1	6.812619890E-1
7.600000000E-1	3.957269248E-1	6.776930526E-1
7.700000000E-1	4.069467756E-1	6.745947556E-1
7.800000000E-1	4.188693335E-1	6.710614420E-1
7.900000000E-1	4.311360155E-1	6.673239828E-1
8.000000000E-1	4.436061465E-1	6.634693316E-1
8.100000000E-1	4.558043901E-1	6.597067368E-1
8.200000000E-1	4.685504939E-1	6.557969803E-1
8.300000000E-1	4.809040154E-1	6.518969863E-1
8.400000000E-1	4.943503036E-1	6.474973606E-1
8.500000000E-1	5.071938684E-1	6.428438115E-1
8.600000000E-1	5.205548121E-1	6.379894060E-1
8.700000000E-1	5.337478427E-1	6.328720929E-1
8.800000000E-1	5.462478743E-1	6.285267104E-1
8.900000000E-1	5.627486906E-1	6.215973163E-1
9.000000000E-1	5.756654987E-1	6.153489082E-1
9.100000000E-1	5.898870752E-1	6.086373303E-1
9.200000000E-1	6.039282583E-1	6.022681643E-1
9.300000000E-1	6.183811981E-1	5.955263434E-1
9.400000000E-1	6.336917940E-1	5.880667092E-1
9.500000000E-1	6.484662292E-1	5.811909994E-1
9.600000000E-1	6.636801526E-1	5.737781643E-1
9.700000000E-1	6.790286624E-1	5.657704343E-1
9.800000000E-1	6.950615886E-1	5.573233292E-1
9.900000000E-1	7.107984546E-1	5.490494082E-1
1.000000000E0	7.269561346E-1	5.403356263E-1
1.010000000E0	7.428587992E-1	5.311708245E-1
1.020000000E0	7.608666382E-1	5.225260886E-1
1.030000000E0	7.759770728E-1	5.107332993E-1
1.040000000E0	7.925551140E-1	4.999467464E-1
1.050000000E0	8.096872513E-1	4.883344569E-1
1.060000000E0	8.265974195E-1	4.767032312E-1
1.070000000E0	8.436830010E-1	4.650877016E-1
1.080000000E0	8.616595945E-1	4.524460934E-1
1.090000000E0	8.793439626E-1	4.392648455E-1
1.100000000E0	8.969716780E-1	4.258170008E-1
1.110000000E0	9.161425927E-1	4.133110719E-1
1.120000000E0	9.350435835E-1	4.002168685E-1
1.130000000E0	9.528898940E-1	3.871978140E-1
1.140000000E0	9.730880822E-1	3.717370099E-1
1.150000000E0	9.926596050E-1	3.572208124E-1
1.160000000E0	1.012223228E0	3.416796413E-1
1.170000000E0	1.031553883E0	3.260162767E-1
1.180000000E0	1.051344800E0	3.086990311E-1
1.190000000E0	1.071249237E0	2.909016455E-1
1.200000000E0	1.091194471E0	2.730240050E-1
1.210000000E0	1.110930145E0	2.545930448E-1
1.220000000E0	1.130116407E0	2.365993998E-1
1.230000000E0	1.150710678E0	2.187214484E-1
1.240000000E0	1.171164383E0	1.976847165E-1
1.250000000E0	1.192240124E0	1.783380923E-1
1.260000000E0	1.212984062E0	1.579670969E-1
1.270000000E0	1.233720825E0	1.376899674E-1
1.280000000E0	1.255159126E0	1.158304639E-1
1.290000000E0	1.275717953E0	9.292175029E-2
1.300000000E0	1.296663027E0	6.916256451E-2
1.310000000E0	1.317725283E0	4.552421737E-2
